-500.0    -0.189    -2.622    15.947
-450.0    -0.233    -2.857    17.535
-400.0    -0.295    -3.136    19.474
-350.0    -0.385    -3.477    21.894
-300.0    -0.524    -3.901    24.998
-250.0    -0.752    -4.442    29.120
-200.0    -1.165    -5.158    34.850
-150.0    -2.036    -6.148    43.311
-100.0    -4.359    -7.607    56.770
 -50.0   -13.843    -9.974    78.192
   0.0   -55.452   -14.465    71.276
  50.0   -13.873   -26.157   -27.726
 100.0    -4.381   -64.378  -196.799
 150.0    -2.052    38.220   -93.908
 200.0    -1.178    17.629   -60.383
 250.0    -0.761    11.389   -44.762
 300.0    -0.532     8.405   -35.621
 350.0    -0.392     6.659   -29.598
 400.0    -0.301     5.513   -25.324
 450.0    -0.239     4.703   -22.132
 500.0    -0.194     4.101   -19.656
