-500.0    -0.189    -1.247    15.947
-490.0    -0.197    -1.268    16.242
-480.0    -0.205    -1.290    16.547
-470.0    -0.214    -1.312    16.864
-460.0    -0.223    -1.335    17.193
-450.0    -0.233    -1.359    17.535
-440.0    -0.244    -1.384    17.892
-430.0    -0.255    -1.410    18.263
-420.0    -0.268    -1.437    18.650
-410.0    -0.281    -1.464    19.053
-400.0    -0.295    -1.493    19.474
-390.0    -0.310    -1.523    19.915
-380.0    -0.327    -1.555    20.375
-370.0    -0.345    -1.587    20.858
-360.0    -0.364    -1.621    21.363
-350.0    -0.385    -1.657    21.894
-340.0    -0.408    -1.694    22.452
-330.0    -0.433    -1.732    23.039
-320.0    -0.460    -1.773    23.657
-310.0    -0.491    -1.815    24.309
-300.0    -0.524    -1.860    24.998
-290.0    -0.560    -1.907    25.727
-280.0    -0.600    -1.956    26.499
-270.0    -0.645    -2.008    27.319
-260.0    -0.695    -2.062    28.191
-250.0    -0.752    -2.120    29.120
-240.0    -0.814    -2.181    30.112
-230.0    -0.886    -2.246    31.173
-220.0    -0.966    -2.314    32.311
-210.0    -1.059    -2.387    33.533
-200.0    -1.165    -2.465    34.850
-190.0    -1.287    -2.548    36.273
-180.0    -1.431    -2.636    37.815
-170.0    -1.599    -2.731    39.490
-160.0    -1.798    -2.834    41.315
-150.0    -2.036    -2.944    43.311
-140.0    -2.323    -3.062    45.499
-130.0    -2.673    -3.191    47.908
-120.0    -3.111    -3.332    50.567
-110.0    -3.658    -3.485    53.509
-100.0    -4.359    -3.652    56.770
 -90.0    -5.272    -3.837    60.385
 -80.0    -6.489    -4.041    64.378
 -70.0    -8.149    -4.269    68.745
 -60.0   -10.487    -4.523    73.420
 -50.0   -13.843    -4.809    78.192
 -40.0   -18.792    -5.134    82.573
 -30.0   -26.149    -5.506    85.603
 -20.0   -36.645    -5.935    85.741
 -10.0   -48.947    -6.437    81.257
   0.0   -55.452    -7.030    71.276
  10.0   -49.035    -7.743    56.439
  20.0   -36.708    -8.615    38.220
  30.0   -26.195    -9.704    17.851
  40.0   -18.828   -11.101    -4.106
  50.0   -13.873   -12.952   -27.726
  60.0   -10.512   -15.505   -53.647
  70.0    -8.186   -19.188   -83.178
  80.0    -6.519   -24.662  -118.611
  90.0    -5.298   -31.260  -162.418
 100.0    -4.381   -15.583  -196.799
 110.0    -3.678    49.293  -175.281
 120.0    -3.129    43.386  -144.437
 130.0    -2.694    29.384  -122.160
 140.0    -2.341    21.612  -106.063
 150.0    -2.052    16.970   -93.908
 160.0    -1.813    13.932   -84.376
 170.0    -1.613    11.802   -76.677
 180.0    -1.444    10.230   -70.314
 190.0    -1.302     9.025   -64.959
 200.0    -1.178     8.071   -60.383
 210.0    -1.071     7.299   -56.423
 220.0    -0.978     6.660   -52.962
 230.0    -0.896     6.124   -49.908
 240.0    -0.824     5.668   -47.193
 250.0    -0.761     5.275   -44.762
 260.0    -0.705     4.932   -42.572
 270.0    -0.655     4.631   -40.589
 280.0    -0.609     4.365   -38.785
 290.0    -0.569     4.128   -37.135
 300.0    -0.532     3.915   -35.621
 310.0    -0.498     3.723   -34.227
 320.0    -0.469     3.549   -32.938
 330.0    -0.441     3.390   -31.744
 340.0    -0.416     3.245   -30.633
 350.0    -0.392     3.112   -29.598
 360.0    -0.371     2.989   -28.631
 370.0    -0.352     2.876   -27.726
 380.0    -0.334     2.771   -26.876
 390.0    -0.317     2.673   -26.077
 400.0    -0.301     2.582   -25.324
 410.0    -0.287     2.497   -24.614
 420.0    -0.274     2.417   -23.943
 430.0    -0.261     2.342   -23.307
 440.0    -0.250     2.272   -22.704
 450.0    -0.239     2.206   -22.132
 460.0    -0.229     2.144   -21.588
 470.0    -0.219     2.085   -21.070
 480.0    -0.210     2.029   -20.577
 490.0    -0.202     1.976   -20.106
 500.0    -0.194     1.926   -19.656
